Length	Count	Sequences_longer_than_Length
0	0	128686
50	0	128686
100	0	128686
150	0	128686
200	14226	128686
250	19500	114460
300	13135	94960
350	9683	81825
400	7306	72142
450	5859	64836
500	4959	58977
550	4177	54018
600	3573	49841
650	3118	46268
700	2771	43150
750	2474	40379
800	2148	37905
850	2129	35757
900	1858	33628
950	1684	31770
1000	1662	30086
1050	1559	28424
1100	1409	26865
1150	1351	25456
1200	1212	24105
1250	1193	22893
1300	1160	21700
1350	1029	20540
1400	998	19511
1450	880	18513
1500	856	17633
1550	766	16777
1600	771	16011
1650	732	15240
1700	740	14508
1750	703	13768
1800	624	13065
1850	607	12441
1900	555	11834
1950	524	11279
2000	523	10755
2050	461	10232
2100	458	9771
2150	419	9313
2200	387	8894
2250	374	8507
2300	352	8133
2350	368	7781
2400	346	7413
2450	305	7067
2500	326	6762
2550	277	6436
2600	298	6159
2650	279	5861
2700	265	5582
2750	266	5317
2800	243	5051
2850	174	4808
2900	212	4634
2950	180	4422
3000	174	4242
3050	198	4068
3100	177	3870
3150	157	3693
3200	129	3536
3250	130	3407
3300	139	3277
3350	128	3138
3400	140	3010
3450	133	2870
3500	103	2737
3550	111	2634
3600	92	2523
3650	104	2431
3700	68	2327
3750	69	2259
3800	100	2190
3850	79	2090
3900	92	2011
3950	58	1919
4000	82	1861
4050	78	1779
4100	84	1701
4150	65	1617
4200	71	1552
4250	73	1481
4300	63	1408
4350	50	1345
4400	63	1295
4450	49	1232
4500	38	1183
4550	36	1145
4600	39	1109
4650	44	1070
4700	35	1026
4750	36	991
4800	36	955
4850	40	919
4900	32	879
4950	31	847
5000	29	816
5050	32	787
5100	40	755
5150	25	715
5200	19	690
5250	27	671
5300	18	644
5350	17	626
5400	21	609
5450	30	588
5500	30	558
5550	25	528
5600	13	503
5650	17	490
5700	20	473
5750	24	453
5800	15	429
5850	18	414
5900	13	396
5950	22	383
6000	13	361
6050	25	348
6100	10	323
6150	7	313
6200	6	306
6250	12	300
6300	11	288
6350	9	277
6400	8	268
6450	13	260
6500	6	247
6550	12	241
6600	10	229
6650	14	219
6700	12	205
6750	9	193
6800	6	184
6850	7	178
6900	5	171
6950	5	166
7000	2	161
7050	2	159
7100	0	157
7150	4	157
7200	5	153
7250	3	148
7300	10	145
7350	7	135
7400	8	128
7450	2	120
7500	7	118
7550	9	111
7600	2	102
7650	1	100
7700	5	99
7750	5	94
7800	4	89
7850	4	85
7900	3	81
7950	3	78
8000	1	75
8050	4	74
8100	3	70
8150	0	67
8200	0	67
8250	2	67
8300	1	65
8350	3	64
8400	3	61
8450	0	58
8500	0	58
8550	1	58
8600	0	57
8650	1	57
8700	1	56
8750	1	55
8800	1	54
8850	2	53
8900	2	51
8950	2	49
9000	4	47
9050	1	43
9100	2	42
9150	0	40
9200	0	40
9250	1	40
9300	0	39
9350	3	39
9400	1	36
9450	1	35
9500	0	34
9550	3	34
9600	0	31
9650	0	31
9700	0	31
9750	0	31
9800	0	31
9850	0	31
9900	0	31
9950	0	31
10000	1	31
10050	0	30
10100	0	30
10150	0	30
10200	0	30
10250	1	30
10300	0	29
10350	0	29
10400	0	29
10450	0	29
10500	0	29
10550	0	29
10600	0	29
10650	0	29
10700	0	29
10750	0	29
10800	1	29
10850	1	28
10900	1	27
10950	2	26
11000	0	24
11050	0	24
11100	0	24
11150	0	24
11200	0	24
11250	0	24
11300	0	24
11350	4	24
11400	4	20
11450	1	16
11500	6	15
11550	1	9
11600	0	8
11650	0	8
11700	0	8
11750	0	8
11800	1	8
11850	0	7
11900	0	7
11950	0	7
12000	0	7
12050	0	7
12100	0	7
12150	0	7
12200	0	7
12250	0	7
12300	0	7
12350	0	7
12400	0	7
12450	1	7
12500	1	6
12550	1	5
12600	0	4
12650	0	4
12700	0	4
12750	0	4
12800	0	4
12850	2	4
12900	0	2
12950	1	2
13000	0	1
13050	0	1
13100	0	1
13150	0	1
13200	0	1
13250	0	1
13300	0	1
13350	0	1
13400	0	1
13450	0	1
13500	0	1
13550	0	1
13600	0	1
13650	0	1
13700	0	1
13750	0	1
13800	0	1
13850	0	1
13900	0	1
13950	0	1
14000	0	1
14050	0	1
14100	0	1
14150	0	1
14200	0	1
14250	0	1
14300	0	1
14350	0	1
14400	0	1
14450	0	1
14500	0	1
14550	0	1
14600	0	1
14650	0	1
14700	0	1
14750	0	1
14800	0	1
14850	0	1
14900	0	1
14950	0	1
15000	0	1
15050	0	1
15100	0	1
15150	0	1
15200	0	1
15250	0	1
15300	0	1
15350	0	1
15400	0	1
15450	0	1
15500	0	1
15550	0	1
15600	0	1
15650	0	1
15700	0	1
15750	0	1
15800	0	1
15850	0	1
15900	0	1
15950	0	1
16000	0	1
16050	0	1
16100	0	1
16150	0	1
16200	0	1
16250	0	1
16300	0	1
16350	0	1
16400	0	1
16450	0	1
16500	0	1
16550	0	1
16600	0	1
16650	0	1
16700	0	1
16750	0	1
16800	0	1
16850	0	1
16900	0	1
16950	0	1
17000	0	1
17050	0	1
17100	0	1
17150	0	1
17200	0	1
17250	0	1
17300	0	1
17350	0	1
17400	0	1
17450	0	1
17500	0	1
17550	0	1
17600	0	1
17650	0	1
17700	0	1
17750	0	1
17800	0	1
17850	0	1
17900	0	1
17950	0	1
18000	0	1
18050	0	1
18100	0	1
18150	0	1
18200	0	1
18250	0	1
18300	0	1
18350	0	1
18400	0	1
18450	0	1
18500	0	1
18550	0	1
18600	0	1
18650	0	1
18700	0	1
18750	0	1
18800	0	1
18850	0	1
18900	0	1
18950	0	1
19000	0	1
19050	0	1
19100	0	1
19150	0	1
19200	0	1
19250	0	1
19300	1	1
